-1.074563582718727650e+00
-1.076463065872686586e+00
-1.077826670298233314e+00
-1.078317262816722355e+00
-1.077349791966357717e+00
-1.074451835582334480e+00
-1.069298322042290028e+00
-1.061247372894223107e+00
-1.049007753417562805e+00
-1.030557042530312994e+00
-1.003256551189118495e+00
-9.637683593166355145e-01
-9.080651025943664578e-01
-8.319220677695443600e-01
-7.316819900158159085e-01
-6.049574158336679108e-01
-4.513135139046535738e-01
-2.727037488096387685e-01
-7.378369393328379489e-02
1.380047640994619407e-01
3.531560835357669959e-01
5.613214206837702225e-01
7.523366153105250920e-01
9.167507245904932267e-01
1.045013151277212948e+00
1.131924987407798788e+00
1.173564265646521054e+00
1.168300858014524657e+00
1.117118519646835617e+00
1.024036554316688274e+00
8.966516582674052271e-01
7.459719747241587706e-01
5.853587920129244004e-01
4.295872975828760598e-01
2.934133198182938829e-01
1.901400248749904043e-01
1.303734244337892145e-01
1.207386370787602026e-01
1.631266897103856861e-01
2.542519203961060570e-01
3.858869461064960427e-01
5.461504187968680979e-01
7.209909740868332140e-01
8.958280552270987407e-01
1.057050960002242856e+00
1.192573497364630475e+00
1.292697439096795575e+00
1.349571384124414575e+00
1.360969627036215712e+00
1.326227679435852513e+00
1.247214643139953338e+00
1.129415428888008055e+00
9.821440340278050352e-01
8.174608864419293797e-01
6.485614905141681152e-01
4.890822982754148285e-01
3.524904159783627811e-01
2.505141611860636774e-01
1.913801620015725957e-01
1.789756039242756669e-01
2.131368771980972077e-01
2.899739895826815017e-01
4.020371683810314845e-01
5.386270067796851135e-01
6.871757203345845166e-01
8.354445361049389618e-01
9.722361898523603774e-01
1.088433922458629910e+00
1.177862808016944873e+00
1.236011163415556835e+00
1.260618917496179492e+00
1.253680358302900588e+00
1.217681058339015188e+00
1.156948741677173986e+00
1.077795621329895370e+00
9.887187534728594240e-01
9.003775357034932147e-01
8.246413087289072852e-01
7.729801186371134669e-01
7.547351638062483881e-01
7.765609863122796552e-01
8.423074253292995861e-01
9.518704181027604072e-01
1.100306746296374039e+00
1.278412152207052621e+00
1.474265162205570467e+00
1.674797757303783774e+00
1.866452573837994899e+00
2.035637600775289435e+00
2.169896896929767394e+00
2.259332784667551053e+00
2.297562345457130561e+00
2.280797928786232109e+00
2.207730708281350207e+00
2.082807319983686511e+00
1.911094513522904270e+00
1.699141594845940073e+00
1.455471640079432083e+00
1.189384791769695138e+00
9.105132144085439361e-01
6.290037576144744680e-01
3.549304221728838415e-01
9.751365631840590298e-02
-1.355659604650296668e-01
-3.391785863916038646e-01
-5.107843971833998520e-01
-6.500573919508098042e-01
-7.588666945074922232e-01
-8.414291509306215389e-01
-9.033505291317081021e-01
-9.494686430859631265e-01
-9.832925378760837276e-01
-1.007402244033208438e+00
-1.024096984548091838e+00
-1.035734434586725872e+00
-1.044187682635227876e+00
-1.050671687721684400e+00
-1.055807825186392712e+00
-1.059860036160634511e+00
-1.063077397730056939e+00
-1.065488349310658611e+00
-1.066930220046085065e+00
-1.067451674704858577e+00
-1.067190301563308408e+00
-1.066226139860692257e+00
-1.064680713431823689e+00
-1.062673283273720015e+00
-1.060146528295578650e+00
-1.056968559443175470e+00
-1.053125194576322921e+00
-1.048750445312319979e+00
-1.043973335423256987e+00
-1.038841830675269584e+00
-1.033432836192125670e+00
-1.027961389950909687e+00
-1.022749569738519604e+00
-1.018116971946769533e+00
-1.014320747329326311e+00
-1.011575548253679013e+00
-1.010027482297831458e+00
-1.009718143549423353e+00
-1.010670694420550797e+00
-1.012827705896582442e+00
-1.016049959960887206e+00
-1.020171985110989610e+00
-1.024992353035325543e+00
-1.030265603830836874e+00
-1.035757632068635470e+00
-1.041385164730802559e+00
-1.047143034380658477e+00
-1.052888415015054813e+00
-1.058359734399422436e+00
-1.063314550974113315e+00
-1.067560870031880160e+00
-1.071010351614128941e+00
-1.073736411245322930e+00
-1.075855800605471702e+00
-1.077387476063539573e+00
-1.078308071639626942e+00
-1.078713619904762888e+00
-1.078827543188487059e+00
-1.078822759977549950e+00
-1.078608887679094019e+00
-1.078067399222690348e+00
-1.077198220201933898e+00
-1.076038052516643306e+00
-1.074687520660037920e+00
-1.073255343929284678e+00
-1.071840213775634876e+00
-1.070536472312727749e+00
-1.069430487778854522e+00
-1.068579273040370925e+00
-1.068017191463460414e+00
-1.067769381777752269e+00
-1.067723290192222230e+00
-1.067450205107662420e+00
-1.066342695053868583e+00
-1.064012787151485284e+00
-1.060426022279142844e+00
-1.055717994008047000e+00
-1.050090017477687265e+00
-1.043661227031516203e+00
-1.035690865988463605e+00
-1.024937099503474336e+00
-1.009594456663329476e+00
-9.869155032795313698e-01
-9.545060515386578626e-01
-9.104284989441463471e-01
-8.526864395738453783e-01
-7.785641793285477119e-01
-6.842638412919509472e-01
-5.649522412129918125e-01
-4.153624883685265723e-01
-2.323174091541571062e-01
-1.701161982043598864e-02
2.265698373800442700e-01
4.928755469333280237e-01
7.740129995445967914e-01
1.059531601779962084e+00
1.337658903328924342e+00
1.596373090702113196e+00
1.824146893497113231e+00
2.010681572398039574e+00
2.147336695055288125e+00
2.227827530931424160e+00
2.249247150424579011e+00
2.211967332136940190e+00
2.117498516428137023e+00
1.972595524512259058e+00
1.786290094845141230e+00
1.567647768518391160e+00
1.326458742341224628e+00
1.073902624158145969e+00
8.217677778134981903e-01
5.830139297762493289e-01
3.714997192325729669e-01
2.002323327122555729e-01
7.936274052174518978e-02
1.475550224581186065e-02
7.431508031162811778e-03
5.332303637695427756e-02
1.450902350735090440e-01
2.736980684920991558e-01
4.275362799890460308e-01
5.931839417934531289e-01
7.577046230580967157e-01
9.097715972291060549e-01
1.039901831320800829e+00
1.140914790182061322e+00
1.207505489014813804e+00
1.235077636273488100e+00
1.224236493003314719e+00
1.177990834237574891e+00
1.100723093860646706e+00
9.988029510939127054e-01
8.801727499555761502e-01
7.533593320096837465e-01
6.266045429185335136e-01
5.080319803242921983e-01
4.048696803607263472e-01
3.221118339206002212e-01
2.623812589292905950e-01
2.256405861834130389e-01
2.088779616335439404e-01
2.064936431184109800e-01
2.114691077546788089e-01
2.162845595708801638e-01
2.136706609015310843e-01
1.982380317473566578e-01
1.676045092023797090e-01
1.222039599652271213e-01
6.482428313955926336e-02
-7.342799891182222316e-05
-6.684263939352627637e-02
-1.290694080748461259e-01
-1.811460636296421678e-01
-2.183273643369658956e-01
-2.367693941851208017e-01
-2.344767115266848390e-01
-2.121934097859468071e-01
-1.728473983299278205e-01
-1.208883913716793379e-01
-6.178910706446268108e-02
-1.307883951137275846e-03
5.474297585216388040e-02
1.010668047330109121e-01
1.333993321269445198e-01
1.487424215521680471e-01
1.453477816582586790e-01
1.225394950215180218e-01
8.054481058667775639e-02
2.077708277621278382e-02
-5.407627005661984343e-02
-1.406484966675953241e-01
-2.351363917793036773e-01
-3.335628518505969198e-01
-4.321479663691375483e-01
-5.274442284882254750e-01
-6.165455261033121470e-01
-6.972022907641131084e-01
-7.679631895967788946e-01
-8.282106205335995064e-01
-8.781331090213283508e-01
-9.186893748533857540e-01
-9.513840498032922754e-01
-9.778259133827924554e-01
-9.993525005771498604e-01
-1.016954801994203406e+00
-1.031362121872316573e+00
-1.043083459829692083e+00
-1.052607248043942789e+00
-1.060318838118876394e+00
-1.066323503940329820e+00
-1.070731160036372698e+00
-1.073763917878912899e+00
-1.075711672735264912e+00
-1.076869687994221003e+00
-1.077440023449480977e+00
-1.077497930411973170e+00
